quiz: 
	1. 770719942027145220
	2. 1749410676656030046
	3. 1696360086518776040
	4. 988741606391009282
	5. 1692102872706765068
	
user study: 
   Part 1:
	1. 1685698185946140672
	2. 1774263154723451187
	3. 1740563927124296059
	4. 1737449031834751231
	5. 1665532513672916992
	6.
   Part 2:
	1. 1781029134916784442
	2. 988741606391009282
	3. 1601008232847536128
	4. 921439559250038784
	5. 1695748178056974456
	6. 1620271366900703234
	7. 1665532513672916992
	8. 1798581666879086946
	9. 
	
   Part 3:
	1. 1772082398257127647
	2. 1798581666879086946
	3. 1290909686519091201
	4. 1614378859859939328



